"lnPerform" "lnProt" "Fat.trans" "lnWtgain" "Elytra" "Ec.Weight.trans" "Adult.diet" "EndBBweight" "Developmenttime"
"1" 1.865103975 3.693287157 0.95 5.68357976733868 3.503 3.89 0 1.597 28
"2" 1.738780558 3.527629901 0.31 5.29831736654804 2.932 2.6 1 1.19 35
"3" 1.440909082 3.636487896 0.77 5.73009978297357 3.261 2.97 0 1.6064 27
"4" 1.748188027 3.895974732 1.05 5.84354441703136 3.506 4.61 1 1.8585 32
"5" 1.631443769 3.800717078 1.07 5.52545293913178 3.533 4.27 0 1.7871 29
"6" 1.669316881 3.645422269 0.74 5.70711026474888 3.499 3.51 1 1.228 29
"7" 1.685741739 3.817895757 0.85 5.66642668811243 3.419 3.41 0 1.418 28
"8" NA NA NA NA 3.046 3.49 0 1.355 31
"9" 1.336459734 3.735199548 0.8 5.66988092298052 3.232 2.96 1 0.895 28
"10" 1.352182518 3.696356389 0.07 5.66296048013595 3.329 3.62 1 1.5325 26
"11" 1.436162647 3.6599162 0.47 5.62401750618734 3.272 3.19 1 1.3074 35
"12" 1.85672889 3.873901598 0.64 5.66988092298052 3.326 3.25 1 0.9436 29
"13" 1.526339277 3.703119346 0.58 5.3890717298165 2.991 2.94 0 1.6441 36
"14" 1.671172843 3.6599162 0.83 5.72031177660741 3.257 3.46 0 1.5898 30
"15" 1.641474111 3.689308859 0.61 5.71042701737487 3.178 2.81 1 1.235 34
"16" NA 3.836956737 1.05 5.87773578177964 3.483 4.09 0 1.7577 26
"17" 1.555094449 3.840733235 0.64 5.30826769740121 2.834 2.59 0 0.9842 33
"18" 1.465382851 3.540954809 0.62 5.48063892334199 3.105 2.66 1 1.5076 28
"19" 1.638489257 3.855519156 0.69 5.63121178182137 3.114 2.82 0 1.4211 27
"20" 1.499687083 3.914343157 0.38 5.55682806169954 2.937 2.7 1 1.0013 30
"21" 1.741939078 3.825426118 0.99 5.80211837537706 3.298 3.49 0 1.5277 34
"22" 1.961421094 3.763427994 0.67 5.73657229747919 3.397 3.56 1 1.6168 29
"23" 1.770115295 3.896801698 0.87 5.75257263882563 3.36 3.7 0 1.23 27
"24" NA NA NA NA 3.283 3.22 0 1.1866 30
"25" NA NA NA NA NA 3.35 1 1.234 26
"26" 1.925312091 3.700270937 1.17 5.8171111599632 3.294 4.16 0 2.3348 28
"27" 1.779596491 3.846646329 0.83 5.6937321388027 3.26 3.51 1 2.0627 25
"28" 1.680335513 3.694605199 1.04 5.8805329864007 3.176 3.46 0 1.1789 27
"29" 1.810904281 3.924795996 0.77 5.8111409929767 3.23 3.2 1 1.139 26
"30" 1.675778342 3.86923172 0.68 5.65948221575962 3.274 2.91 1 1.641 29
"31" 1.575187845 3.981818607 0.94 5.90263333340137 3.287 3.59 1 1.2148 26
"32" 1.5774918 3.8659918 1.04 5.92157841964382 3.497 3.38 0 1.7233 24
"33" 1.608526034 3.789228057 1.19 5.77144112313002 3.258 3.66 0 1.2261 28
"34" 1.549003262 3.849726444 0.84 5.85220247977447 3.395 3.7 1 1.3846 28
"35" 1.378397901 3.859438535 0.56 5.47646355193151 2.896 2.43 0 0.797 28
"36" 1.699837726 3.639486489 0.73 5.62762111369064 3.035 2.88 0 1.1484 29
"37" 1.397940009 3.710117365 0.82 5.66642668811243 3.239 2.89 1 1.0188 25
"38" 1.456366033 3.648360011 1.1 5.80814248998044 3.278 3.32 0 0.953 30
"39" NA NA NA NA 3.165 3.07 0 0.852 30
"40" 1.77524626 3.5774918 0.73 5.8636311755981 3.475 3.41 1 0.9301 29
"41" 1.45331834 3.674861141 0.72 5.51745289646471 3.135 2.77 0 1.0712 27
"42" 1.834420704 3.936010796 0.94 5.87493073085203 3.346 3.95 0 1.7406 26
"43" 1.643452676 3.8876173 0.81 5.82894561761021 3.649 3.97 1 1.5702 29
"44" 1.612783857 3.791339704 0.82 5.70711026474888 3.189 3.51 0 1.6492 27
"45" 1.44870632 3.724685388 0.7 5.65599181081985 3.241 3.21 1 0.903 26
"46" 1.614897216 3.921686475 0.79 5.72358510195238 3.228 3.39 0 1.8634 26
"47" 1.477121255 3.763877031 0.81 5.66642668811243 3.134 3.43 0 1.3374 32
"48" 1.698970004 3.621799224 0.95 5.80513496891649 3.292 3.6 0 1.333 33
"49" 1.652246341 3.456366033 0.6 5.52545293913178 3.103 2.71 0 1.0282 29
"50" 1.588831726 3.595496222 0.82 5.8636311755981 3.488 3.4 1 1.4812 30
"51" 1.733999287 3.89619541 0.81 5.87773578177964 3.5 3.38 1 1.9622 33
"52" 1.57863921 3.852845818 0.61 5.74300318780948 3.186 3.1 1 1.4169 31
"53" 1.620136055 3.687885525 1 5.78382518232974 3.562 4.22 0 1.9448 34
"54" 1.822168079 3.740836207 0.94 5.82894561761021 3.317 3.19 0 1.0949 31
"55" 1.781036939 4.005437923 0.94 5.79605775076537 3.456 3.39 0 1.8131 31
"56" 1.888179494 3.966610987 0.95 5.64190707093811 3.202 3.61 1 1.402 28
"57" 1.654176542 3.598571663 0.79 5.61677109766657 3.208 3.11 0 1.1462 25
"58" NA NA NA NA 2.918 3.12 0 1.3897 36
"59" 1.71432976 3.877831891 0.5 5.65599181081985 3.059 3.16 1 1.2112 26
"60" 1.428134794 3.746634199 0.62 5.50125821054473 3.1 2.92 0 2.0917 29
"61" 1.737987326 3.712649702 0.82 5.64544689764324 3.16 3.24 0 1.3659 30
"62" 1.747411808 3.86332286 0.49 5.66988092298052 3.339 3.17 1 1.6992 30
"63" 1.670245853 3.833784375 0.78 5.7268477475872 3.146 3.04 1 1.2054 28
"64" 1.780317312 3.710963119 0.82 5.6937321388027 3.339 3.28 1 1.7628 29
"65" 1.679427897 3.65069598 0.63 5.56068163101553 2.953 2.55 1 1.1154 34
"66" 1.682145076 3.868409303 0.95 5.76519110278484 3.215 2.74 0 1.0525 31
"67" 1.394451681 3.937818685 0.7 5.59471137960184 3.013 2.56 1 0.7974 33
"68" 1.523746467 3.783045572 0.69 5.64897423816121 3.128 3.47 0 1.6849 25
"69" 1.761175813 3.485721426 0.74 5.80513496891649 3.312 3.14 0 1.4214 28
"70" 1.757396029 3.866169148 0.94 5.89715386763674 3.385 3.4 1 2.0763 25
"71" 1.710963119 3.770852012 0.92 5.7037824746562 3.356 3.75 0 1.3064 29
"72" 1.745074792 3.595496222 0.9 5.83773044716594 3.19 3.31 0 1.9818 31
"73" NA NA NA NA 3.308 3.57 1 1.0473 33
"74" 1.681241237 3.856124444 0.74 5.73979291217923 3.197 3.4 1 1.6631 28
"75" 1.649334859 3.723291446 0.64 5.55682806169954 3.282 2.9 1 1.5251 26
"76" 1.666517981 3.827369273 0.97 5.67332326717149 3.255 3.17 0 1.1272 29
"77" 1.463892989 3.498861689 0.73 5.55682806169954 3.08 2.4 0 1.2404 34
"78" 1.522444234 3.740993932 0.66 5.68697535633982 3.274 3.12 1 2.142 25
"79" 1.672097858 3.708250889 0.93 5.72031177660741 3.305 3.66 0 1.4194 26
"80" 1.613841822 4.206987695 0.71 5.74620319054015 3.193 3.39 0 1.0364 32
"81" NA NA NA NA 3.314 3.92 1 1.3256 31
"82" 1.755874856 3.594834356 1.01 5.8171111599632 3.232 3.71 0 1.6495 34
"83" 1.764176132 3.694956002 0.6 5.58724865840025 3.158 2.69 1 1.582 35
"84" 1.700703717 3.51054501 0.81 5.55682806169954 3.252 2.87 0 1.0051 29
"85" 1.7084209 3.521138084 1.1 5.73334127689775 3.347 3.54 1 1.5139 28
"86" 1.474216264 4.022840611 0.73 5.69035945432406 3.286 3.51 1 1.5317 28
"87" 1.260071388 3.665956029 0.67 5.56452040732269 2.997 2.44 0 0.9496 33
"88" 1.790988475 3.601408061 1.15 5.83188247728352 3.164 3.07 0 1.4043 36
"89" 1.667452953 3.975891136 0.77 5.75574221358691 3.224 3.29 1 1.5119 30
"90" NA NA NA NA 3.255 2.96 1 1.395 26
"91" 1.559906625 3.831741834 0.64 5.48063892334199 3.069 2.7 0 0.9274 36
"92" 1.419955748 3.507855872 0.66 5.46806014113513 2.964 2.22 0 0.913 30
"93" 1.706717782 3.755874856 NA 5.64897423816121 3.232 2.91 0 1.4149 29
