"lnPerform" "lnTestes" "lnProt" "Fat.trans" "lnWtgain" "Elytra" "Horn" "Ec.Weight.trans" "Adult.diet" "EndBBweight" "Developmenttime"
"1" 3.7796338173824 2.70805020110221 8.84721610435754 0.33 5.84354441703136 3.279 1.234 3.77 1 1.623 28
"2" 3.86911550441687 3.2188758248682 7.96137020171951 0.75 5.86078622346587 3.452 1.056 4.13 1 1.524 36
"3" NA NA NA NA NA 3.633 1.127 4.21 1 1.411 33
"4" 3.91002100275747 2.99573227355399 8.43814998407578 0.8 5.93489419561959 3.543 1.075 3.46 1 0.973 29
"5" 3.84801767545223 3.25809653802148 7.8458075026378 0.68 6.03787091992214 3.314 1.102 3.57 1 1.6383 28
"6" 3.73289633953071 3.13549421592915 8.71522404191537 0.8 5.87211778947542 3.229 1.089 3.46 1 0.874 28
"7" 3.65842024662923 3.25809653802148 8.16337131645991 0.66 5.8348107370626 3.593 1.049 3.75 1 1.8681 30
"8" 3.37758751602302 2.63905732961526 8.70781355102489 0.26 5.52942908751142 3.346 1.026 3.73 1 1.0496 29
"9" 3.87120101090789 2.77258872223978 8.30647216010058 0.35 5.605802066296 3.167 0.87 3.12 1 1.028 35
"10" 3.50254987592244 2.94443897916644 8.1969879272589 0.46 5.95842469302978 3.216 1.247 4.34 1 1.4153 30
"11" 3.91999117507732 2.56494935746154 8.4690528160883 0.57 5.92157841964382 3.473 1.105 3.45 1 1.3219 27
"12" 3.47506723022861 2.94443897916644 7.57558465155779 0.58 5.77765232322266 3.294 1.14 3.31 1 1.2856 32
"13" 3.76584049525006 2.89037175789616 8.52118521268578 0.51 5.91079664404053 3.327 1.109 3.22 1 0.8461 29
"14" NA NA NA NA NA 3.079 0.683 2.54 1 1.1088 32
"15" 3.87743156065853 2.83321334405622 8.17611034223734 0.71 6.00635315960173 3.396 1.227 4.05 1 1.7722 28
"16" 3.84374416467485 3.17805383034795 8.12415060330663 0.76 6.04500531403601 3.461 1.175 3.7 1 1.5888 28
"17" 3.23474917402449 NA NA NA 6.0282785202307 3.619 1.096 4.1 1 1.6989 29
"18" 3.25424296870549 3.09104245335832 9.03121370607875 0.74 5.95583736946483 3.215 1.206 4.08 1 1.3846 29
"19" NA NA NA NA NA 3.347 1.122 4.05 1 1.4414 31
"20" 3.74950407593037 3.2188758248682 7.7621706071382 0.74 6.06842558824411 3.713 1.369 4.8 1 2.1345 32
"21" 3.89182029811063 2.99573227355399 7.80384330353877 0.54 5.82600010738045 3.587 1.29 4.37 1 1.6172 30
"22" 3.72569342723665 3.09104245335832 8.54286093816481 0.75 6.05443934626937 3.582 1.371 4.84 1 2.0325 34
"23" 3.66356164612965 2.99573227355399 8.53109609658523 0.67 5.96870755998537 3.446 1.228 3.98 1 1.6292 32
"24" 3.81990771652034 2.484906649788 NA 0.53 5.78074351579233 3.16 1.041 3.1 1 1.052 27
"25" NA NA NA NA NA 3.387 1.056 3.53 1 1.4371 31
"26" 4.09767235231478 2.484906649788 7.94979721616185 0.73 5.98896141688986 3.48 1.153 4.49 1 1.6517 28
"27" 3.88362353090645 2.99573227355399 8.00302866638473 0.83 5.94803498918065 3.504 1.146 4.35 1 1.8715 30
"28" NA NA NA NA NA 3.018 0.559 2.74 1 0.9402 32
"29" 2.86220088092947 2.83321334405622 7.76387128782022 0.46 5.25227342804663 2.7 0.463 2.43 1 1.4655 34
"30" 4.2076732475291 3.25809653802148 8.42068229103539 NA 5.98645200528444 3.559 1.144 3.67 1 1.7025 30
"31" 3.7796338173824 2.99573227355399 8.52912176228151 0.59 5.8348107370626 3.286 1.066 3.56 1 1.4308 30
"32" 3.57794789340665 3.17805383034795 8.3187422526924 0.59 5.85220247977447 3.111 1.056 3.04 1 1.006 31
"33" 3.91402100809082 3.09104245335832 8.17018565287964 0.71 6.10924758276437 3.56 1.142 4.25 1 1.8252 36
"34" 3.5918177412708 3.13549421592915 8.97233695775495 0.61 5.76832099579377 3.26 1.025 2.98 1 1.3777 31
"35" 3.05400118167797 2.77258872223978 8.84707231256781 0.36 5.53338948872752 3 0.735 2.57 1 1.1864 36
"36" 3.27714473299218 3.09104245335832 8.29903718161307 0.56 5.73657229747919 3.337 0.911 3.03 1 1.0146 30
"37" 3.83729945923221 3.17805383034795 7.8935720735049 0.64 5.99645208861902 3.542 1.298 5.11 1 1.2288 30
"38" NA NA NA NA NA 3.295 1.013 3.38 1 1.7347 28
"39" 3.76815263500844 2.77258872223978 8.77955745588373 0.52 5.74939298590825 3.322 0.99 3.15 1 0.989 28
"40" 3.87535902105655 2.94443897916644 8.07527154629746 0.76 5.92425579741453 3.233 1.097 3.38 1 1.9526 34
"41" 3.6163087612791 2.99573227355399 7.98139158158007 0.71 6.06842558824411 3.518 1.121 4.05 1 1.4839 33
"42" 3.56104608260405 2.99573227355399 8.12740456269308 0.66 6.06842558824411 3.434 1.168 4.05 1 1.5158 32
"43" 3.13983261752775 2.77258872223978 NA 0.37 5.48479693349065 2.887 0.715 2.62 1 0.8726 27
"44" 3.99452422693989 3.09104245335832 8.05832730658096 0.77 5.95324333428778 3.568 1.251 4.25 1 1.6754 30
"45" 3.81990771652034 2.70805020110221 7.8935720735049 0.41 5.67675380226828 3.345 1.038 3.05 1 1.1935 28
"46" 3.23080439573347 3.04452243772342 7.64300363556072 0.49 5.92958914338989 3.491 1.136 3.54 1 1.5642 32
"47" 2.64617479738412 2.89037175789616 7.87092959675514 0.35 5.31320597904179 2.867 0.407 1.93 1 1.2036 30
"48" 4.01818320125654 NA 8.98343977178426 0.29 5.80211837537706 3.377 1.191 3.9 2 1.889 31
"49" 3.73528582692809 2.56494935746154 8.12266802334641 0.22 5.77765232322266 3.023 0.862 2.87 2 0.8905 31
"50" 3.89589362349826 2.99573227355399 7.58578882173203 NA 5.96614673912369 3.302 1.072 3.48 2 1.3303 31
"51" NA NA NA NA NA 2.912 0.569 2.86 2 0.9824 32
"52" 4.09100566095659 3.2188758248682 8.63408694288774 0.73 6.06145691892802 3.521 1.177 4.48 2 1.6556 29
"53" NA NA NA NA NA 3.228 1.022 3.5 2 1.2689 29
"54" 3.76815263500844 2.70805020110221 7.97933889526233 0.38 6.04500531403601 3.545 1.216 4.22 2 1.1702 29
"55" 3.67882911826043 2.63905732961526 NA 0.04 5.53733426701854 3.467 1.178 4.42 2 1.756 30
"56" 4.01277290852829 2.89037175789616 9.21930011334766 0.4 6.08221891037645 3.36 1.104 3.87 2 1.2972 30
"57" 3.63230910262554 3.17805383034795 8.1300590399928 0.6 5.93224518744801 3.468 1.278 4.52 2 2.3786 28
"58" 3.89589362349826 2.99573227355399 7.1777824161952 0.48 6.02344759296103 3.495 1.257 4.25 2 2.673 30
"59" NA NA NA 0.51 NA 3.345 1.2 3.95 2 1.531 32
"60" 3.75419892023458 2.83321334405622 7.8458075026378 0.4 5.88332238848828 3.347 1.066 4.11 2 1.15 28
"61" 3.69635146895264 2.83321334405622 8.05515773181968 0.58 5.91350300563827 3.575 1.174 4.42 2 1.7133 32
"62" 3.60004824040732 2.89037175789616 8.28096440055337 0.35 5.63121178182137 3.216 1.027 3.79 2 1.2202 36
"63" 3.74004774068834 2.70805020110221 7.98275770201111 0.59 5.96870755998537 3.46 1.044 3.46 2 2.1294 27
"64" 3.37758751602302 2.99573227355399 7.89729647259588 0.42 5.8664680569333 3.231 1.151 3.38 2 1.1428 25
"65" 3.63758615972639 3.17805383034795 8.22951111896446 0.52 6.12905021006055 3.607 1.298 4.45 2 2.479 30
"66" 3.92592591059714 2.94443897916644 7.96901178110648 0.46 6.13988455222626 3.891 1.388 4.63 2 2.3688 34
"67" 3.20274644293832 3.04452243772342 9.35314117060785 0.53 6.06378520868761 3.456 1.205 4.06 2 2.0129 28
"68" NA NA NA NA NA 3.299 1.172 4.3 2 1.4198 30
"69" 4.06216566385787 2.77258872223978 7.85360481309784 0.44 5.84354441703136 3.368 1.152 3.55 2 1.1046 28
"70" 2.62466859216316 2.484906649788 8.52714352226941 0.1 5.00394630594546 3.068 0.78 3.03 2 1.2617 32
"71" 3.8649313978943 3.04452243772342 NA 0.49 6.01126717440416 3.477 1.226 3.5 2 1.5834 32
"72" 3.47196645255036 1.94591014905531 8.33567131479285 0.53 5.87493073085203 3.211 1.094 3.06 2 1.3626 27
"73" 3.64021428213266 2.77258872223978 8.27893600229198 0.34 5.87493073085203 3.271 1.116 3.38 2 1.2115 29
"74" 3.28091121578765 2.89037175789616 8.7649903301691 0.2 5.71042701737487 3.065 0.994 3.53 2 1.3276 32
"75" 3.89995042419388 2.89037175789616 8.02812905943176 0.43 5.8348107370626 3.341 1.162 3.32 2 1.522 32
"76" 3.17805383034795 3.04452243772342 8.40290404501411 0.22 5.59471137960184 3.145 0.917 3.07 2 1.5028 31
"77" 3.58351893845611 2.99573227355399 9.05017161982336 0.23 5.85507192220243 3.218 1.156 3.93 2 1.7954 30
"78" 3.8286413964891 2.99573227355399 8.92877290052426 0.48 5.95842469302978 3.345 1.115 3.58 2 1.351 33
"79" 3.87328217711172 2.77258872223978 8.58185670474196 0.41 5.8111409929767 3.088 0.899 3.11 2 1.1031 33
"80" NA NA NA NA NA NA NA 2.2 2 1.3806 38
"81" NA 2.56494935746154 8.84793475332846 0.09 4.74493212836325 2.927 0.431 3.35 2 1.7543 39
"82" 3.67376581630389 2.83321334405622 7.78322401633604 0.67 5.84354441703136 3.334 1.123 3.81 2 1.6579 29
"83" 3.75185425327532 2.89037175789616 8.99788945020072 0.34 5.59842195899838 3.036 0.818 2.79 2 0.877 32
"84" 3.5055573969864 2.77258872223978 8.70051424854327 0.22 5.4553211153577 2.989 0.702 2.72 2 1.0711 31
"85" 3.98527346716774 2.99573227355399 8.25322764558177 0.65 6.01859321449623 3.525 1.165 3.41 2 1.3656 28
"86" 3.73050112880476 2.77258872223978 7.48436864328613 0.37 5.73657229747919 3.244 0.867 2.96 2 1.3407 29
"87" 3.78872478908365 3.09104245335832 8.16280135349207 0.53 6.02344759296103 3.463 1.129 3.57 2 1.249 27
"88" 3.37073817417745 3.36729582998647 8.25322764558177 0.47 6.08677472691231 3.51 1.195 4.16 2 1.7075 31
"89" 3.5055573969864 3.04452243772342 7.95155933115525 0.36 5.59098698051086 3.255 0.755 2.56 2 1.0857 28
"90" 2.69462718077007 2.89037175789616 8.1605182474775 0.42 5.63121178182137 3.169 0.905 2.83 2 1.4622 29
"91" 3.15273602236366 2.70805020110221 8.89206162554694 0.21 6.04025471127741 3.626 1.18 4.75 2 1.9657 33
"92" 3.79997350161952 2.89037175789616 9.42060129745938 0.38 5.97635090929793 3.43 1.054 3.87 2 1.3778 30
"93" 3.2846635654062 3.09104245335832 8.26204284396694 0.74 5.8348107370626 3.361 1.206 4.7 2 1.8725 34
"94" 3.79997350161952 3.09104245335832 8.88266929130804 0.74 5.95324333428778 3.363 1.123 3.7 2 1.1311 31
"95" 3.65065824129374 2.89037175789616 8.45701846838017 0.36 5.74939298590825 3.371 0.926 3.14 2 1.3557 27
"96" NA NA NA NA NA NA NA 2.41 2 0.8739 29
"97" 3.70868208141012 2.89037175789616 7.83991936001258 0.77 5.94803498918065 3.33 1.135 3.72 2 1.3772 28
"98" NA NA NA NA NA NA NA 2.39 2 0.88 30
